%YAML:1.0
---
cameraMatrixL: !!opencv-matrix
   rows: 3
   cols: 3
   dt: d
   data: [ 1.3273910900011249e+03, 0., 6.7053887424545735e+02, 0.,
       1.3278263214775004e+03, 5.5353825950139253e+02, 0., 0., 1. ]
cameraMatrixR: !!opencv-matrix
   rows: 3
   cols: 3
   dt: d
   data: [ 1.3324697445518493e+03, 0., 6.2630519130600078e+02, 0.,
       1.3339435428769436e+03, 5.5332785741486225e+02, 0., 0., 1. ]
DistorsionCoeffsL: !!opencv-matrix
   rows: 1
   cols: 5
   dt: d
   data: [ -2.9658787926475405e-01, -3.2704810613449535e-02,
       -1.2932068845647836e-04, -9.0824137602114180e-04,
       4.5428368698305893e-01 ]
DistorsionCoeffsR: !!opencv-matrix
   rows: 1
   cols: 5
   dt: d
   data: [ -3.6143005675786727e-01, 4.9094649574472299e-01,
       6.4565982752148030e-04, 6.2991920970933231e-04,
       -1.0516008746493333e+00 ]
RotationMatrix: !!opencv-matrix
   rows: 3
   cols: 3
   dt: d
   data: [ 9.9990220651174611e-01, 6.7588633394691656e-04,
       -1.3968557212722695e-02, -4.9873312188514457e-04,
       9.9991945736624921e-01, 1.2681878632866394e-02,
       1.3976003656791814e-02, -1.2673671845570339e-02,
       9.9982200884144179e-01 ]
TranslationMatrix: !!opencv-matrix
   rows: 3
   cols: 1
   dt: d
   data: [ 1.4951462519631940e+02, 1.5904484136744292e+00,
       3.4909397468815824e+00 ]
EssentialMatrix: !!opencv-matrix
   rows: 3
   cols: 3
   dt: d
   data: [ 2.3969160123727750e-02, -3.5108153986823205e+00,
       1.5458936537340506e+00, 1.4009814072188334e+00,
       1.8972587743191440e+00, -1.4953677630653979e+02,
       -1.6648607739678158e+00, 1.4950150793227419e+02,
       1.9183426002385255e+00 ]
FundamentalMatrix: !!opencv-matrix
   rows: 3
   cols: 3
   dt: d
   data: [ 8.0791163856423629e-09, -1.1829779973824608e-06,
       1.3410612829469297e-03, 4.7169723119398329e-07,
       6.3857976108334653e-07, -6.7500755477341759e-02,
       -1.0137958275854566e-03, 6.7510598951805958e-02, 1. ]
RMS: 2.9397491651151003e-01
