<?xml version="1.0"?>
<opencv_storage>
<M1 type_id="opencv-matrix">
  <rows>3</rows>
  <cols>3</cols>
  <dt>d</dt>
  <data>
    1.0761896473465579e+03 0. 5.4386046979563321e+02 0.
    1.0879592288352146e+03 3.4997490393111121e+02 0. 0. 1.</data></M1>
<D1 type_id="opencv-matrix">
  <rows>1</rows>
  <cols>14</cols>
  <dt>d</dt>
  <data>
    -2.0761287658381142e-01 7.2239054182486573e-01
    -8.4547167007655577e-03 -1.9872234922839238e-02
    -2.9362049545907638e+00 0. 0. 0. 0. 0. 0. 0. 5.3837319749461710e-02
    -1.3582851642119304e-01</data></D1>
<M2 type_id="opencv-matrix">
  <rows>3</rows>
  <cols>3</cols>
  <dt>d</dt>
  <data>
    1.0748680562355182e+03 0. 3.5042690491253893e+02 0.
    1.0826671715178293e+03 2.3208283853364730e+02 0. 0. 1.</data></M2>
<D2 type_id="opencv-matrix">
  <rows>1</rows>
  <cols>14</cols>
  <dt>d</dt>
  <data>
    -2.3243335149999014e-01 3.9152350271114861e-01
    1.5284177986430501e-02 1.0798257588299926e-02
    -7.4199307506500445e-01 0. 0. 0. 0. 0. 0. 0. -5.6092796532935911e-02
    5.1629821915908196e-02</data></D2>
<imageSize>
  900 675</imageSize>
<R type_id="opencv-matrix">
  <rows>3</rows>
  <cols>3</cols>
  <dt>d</dt>
  <data>
    9.8262515785960747e-01 -1.7035902748555418e-02
    1.8481768627196718e-01 -5.3655227380804832e-05
    9.9575248505503500e-01 9.2070547016073326e-02
    -1.8560117527240524e-01 -9.0480752230870390e-02
    9.7845052875106453e-01</data></R>
<T type_id="opencv-matrix">
  <rows>3</rows>
  <cols>1</cols>
  <dt>d</dt>
  <data>
    -1.5116469917948407e+02 -5.7400869138560395e-01
    6.8301670969886716e+00</data></T>
<E type_id="opencv-matrix">
  <rows>3</rows>
  <cols>3</cols>
  <dt>d</dt>
  <data>
    1.0690316190638127e-01 -6.7492191219839777e+00
    -1.1904963284248833e+00 -2.1344851805525845e+01
    -1.3793853754933638e+01 1.4916951552037816e+02
    5.7214615729199203e-01 -1.5053240361681134e+02
    -1.3811729584733381e+01</data></E>
<F type_id="opencv-matrix">
  <rows>3</rows>
  <cols>3</cols>
  <dt>d</dt>
  <data>
    -7.5788005494644168e-08 4.7330342258578227e-06
    -7.0693036158110505e-04 1.5023228028629418e-05
    9.6035526551776141e-06 -1.2452128100794785e-01
    -3.8960607720547819e-03 1.0958004102315616e-01 1.</data></F>
<R1 type_id="opencv-matrix">
  <rows>3</rows>
  <cols>3</cols>
  <dt>d</dt>
  <data>
    9.8999390538764931e-01 -9.1571354677488781e-03
    1.4081269177647079e-01 2.6756090643317051e-03 9.9893093670692146e-01
    4.6150024983388015e-02 -1.4108475612710589e-01
    -4.5311483752551826e-02 9.8896004015768879e-01</data></R1>
<R2 type_id="opencv-matrix">
  <rows>3</rows>
  <cols>3</cols>
  <dt>d</dt>
  <data>
    9.9897359352272719e-01 3.7933428125696382e-03
    -4.5137235123515036e-02 -5.8592286722296471e-03
    9.9893687710888424e-01 -4.5725102419968543e-02
    4.4915797706994755e-02 4.5942639260891587e-02 9.9793378789080389e-01</data></R2>
<P1 type_id="opencv-matrix">
  <rows>3</rows>
  <cols>4</cols>
  <dt>d</dt>
  <data>
    1.0853132001765221e+03 0. 3.7122687530517578e+02 0. 0.
    1.0853132001765221e+03 2.8547960662841797e+02 0. 0. 0. 1. 0.</data></P1>
<P2 type_id="opencv-matrix">
  <rows>3</rows>
  <cols>4</cols>
  <dt>d</dt>
  <data>
    1.0853132001765221e+03 0. 3.7122687530517578e+02
    -1.6422960975542007e+05 0. 1.0853132001765221e+03
    2.8547960662841797e+02 0. 0. 0. 1. 0.</data></P2>
<H1 type_id="opencv-matrix">
  <rows>0</rows>
  <cols>0</cols>
  <dt>u</dt>
  <data></data></H1>
<H2 type_id="opencv-matrix">
  <rows>0</rows>
  <cols>0</cols>
  <dt>u</dt>
  <data></data></H2>
<Q type_id="opencv-matrix">
  <rows>4</rows>
  <cols>4</cols>
  <dt>d</dt>
  <data>
    1. 0. 0. -3.7122687530517578e+02 0. 1. 0. -2.8547960662841797e+02 0.
    0. 0. 1.0853132001765221e+03 0. 0. 6.6085111070581680e-03 0.</data></Q>
<rmsStereo>4.2214593378689197e-01</rmsStereo>
<avgErr>4.9437331839353460e-01</avgErr>
<nframes>45</nframes>
<num_Im>98</num_Im>
</opencv_storage>
