<?xml version="1.0"?>
<opencv_storage>
<M1 type_id="opencv-matrix">
  <rows>3</rows>
  <cols>3</cols>
  <dt>d</dt>
  <data>
    1.4047321845543888e+03 0. 6.3977520288699259e+02 0.
    1.4094263358311882e+03 5.4908411515101227e+02 0. 0. 1.</data></M1>
<M2 type_id="opencv-matrix">
  <rows>3</rows>
  <cols>3</cols>
  <dt>d</dt>
  <data>
    1.4068635096736823e+03 0. 6.7931348240953423e+02 0.
    1.4085820074692710e+03 5.4463374637271738e+02 0. 0. 1.</data></M2>
<D1 type_id="opencv-matrix">
  <rows>1</rows>
  <cols>5</cols>
  <dt>d</dt>
  <data>
    -3.7912160657310845e-01 1.4502657892789944e-01
    -2.7454845866518207e-03 1.4621655829558263e-03
    3.4600934553043791e-02</data></D1>
<D2 type_id="opencv-matrix">
  <rows>1</rows>
  <cols>5</cols>
  <dt>d</dt>
  <data>
    -3.1069044294091569e-01 -3.0880482357474259e-01
    -2.9397797295873189e-03 7.6400915921081018e-05
    7.9588394074620550e-01</data></D2>
<R type_id="opencv-matrix">
  <rows>3</rows>
  <cols>3</cols>
  <dt>d</dt>
  <data>
    9.9995199674523361e-01 7.2776701136690453e-04 9.7711084528507228e-03
    -6.3400000336216917e-04 9.9995375611829829e-01
    -9.5960235984729227e-03 -9.7776402682826051e-03
    9.5893680753154180e-03 9.9990621648767641e-01</data></R>
<T type_id="opencv-matrix">
  <rows>3</rows>
  <cols>1</cols>
  <dt>d</dt>
  <data>
    -1.4446081342216843e+02 -9.6669078511031481e-01
    8.8049477003920462e-02</data></T>
<E type_id="opencv-matrix">
  <rows>3</rows>
  <cols>3</cols>
  <dt>d</dt>
  <data>
    9.5077781161888638e-03 -9.7315359007760449e-02
    -9.6575520059399345e-01 -1.3244406161630105e+00
    1.3853519918693704e+00 1.4444812572068159e+02 1.0582325370016332e+00
    -1.4445342946773840e+02 1.3956950151554064e+00</data></E>
<F type_id="opencv-matrix">
  <rows>3</rows>
  <cols>3</cols>
  <dt>d</dt>
  <data>
    2.7273170998084758e-09 -2.7822050669863826e-08
    -3.7561835911294428e-04 -3.7945380908787223e-07
    3.9558308246534191e-07 5.8159779462861882e-02 6.3187141089387317e-04
    -5.8298078186704606e-02 9.9999999999999989e-01</data></F>
<rmsStereo>5.4002251717364445e+00</rmsStereo>
</opencv_storage>
