%YAML:1.0
---
cameraMatrixL: !!opencv-matrix
   rows: 3
   cols: 3
   dt: d
   data: [ 1.4086474392978496e+03, 0., 7.5930432955417166e+02, 0.,
       1.4088830002813741e+03, 4.7832271970530718e+02, 0., 0., 1. ]
cameraMatrixR: !!opencv-matrix
   rows: 3
   cols: 3
   dt: d
   data: [ 1.4058150350072979e+03, 0., 7.6680336813066151e+02, 0.,
       1.4059381250549004e+03, 4.9495325848715419e+02, 0., 0., 1. ]
DistorsionCoeffsL: !!opencv-matrix
   rows: 1
   cols: 5
   dt: d
   data: [ -1.7349727189596820e-01, 1.3386053324814545e-01,
       -7.1201577661282448e-04, 1.4087105609446996e-03,
       -4.1385101986064009e-02 ]
DistorsionCoeffsR: !!opencv-matrix
   rows: 1
   cols: 5
   dt: d
   data: [ -1.8205936437126294e-01, 2.0151648894939903e-01,
       9.5967704351276547e-05, 5.7489976254196536e-04,
       -1.7220769331496405e-01 ]
RotationMatrix: !!opencv-matrix
   rows: 3
   cols: 3
   dt: d
   data: [ 9.9997674739912668e-01, 5.9541114305452589e-03,
       3.3246380458136888e-03, -5.9587213467649485e-03,
       9.9998129663464908e-01, 1.3784124192665918e-03,
       -3.3163686427520821e-03, -1.3981909592866611e-03,
       9.9999352335955993e-01 ]
TranslationMatrix: !!opencv-matrix
   rows: 3
   cols: 1
   dt: d
   data: [ -1.0005762924906513e+02, 3.7429964719714592e-01,
       -1.5290028359252136e-01 ]
EssentialMatrix: !!opencv-matrix
   rows: 3
   cols: 3
   dt: d
   data: [ -2.1524057967269535e-03, 1.5237408145987982e-01,
       3.7450798264272750e-01, -4.8472471237296672e-01,
       -1.4081005794997128e-01, 1.0005647287367715e+02,
       2.2192458755625460e-01, -1.0005798645647697e+02,
       -1.3916508964688984e-01 ]
FundamentalMatrix: !!opencv-matrix
   rows: 3
   cols: 3
   dt: d
   data: [ 6.0434977093964863e-10, -4.2776248167864359e-08,
       -1.2812277302893762e-04, 1.3608847463582083e-07,
       3.9526398340189198e-08, -3.9692934494116906e-02,
       -1.5541958224122272e-04, 3.9501818695597928e-02,
       9.9999999999999989e-01 ]
VectorOfRotationVectors: !!opencv-matrix
   rows: 38
   cols: 1
   dt: "3d"
   data: [ -2.1619015931256652e-01, 8.2111493196591437e-05,
       -2.7315757270559116e-02, -5.9193037648664674e-02,
       -6.6892678181710366e-02, -6.4795976233071439e-03,
       -6.8440854266106799e-02, -2.4216064043616068e-02,
       -1.3870000316380257e-02, -1.1178858756088958e-01,
       -2.0738581833796697e-02, 5.4764045346349845e-03,
       -7.3869102079554716e-02, -2.2522508714421095e-02,
       -1.5746686687759935e-02, -3.9109519930319567e-02,
       -2.5488238540351854e-01, -2.1548592345244838e-02,
       -9.5677969166858470e-03, 2.5403298763083954e-01,
       6.0720456136941811e-02, 1.0727862068465538e-01,
       2.1586465369879623e-01, 9.9544664599468591e-02,
       -4.1356865989030078e-01, -2.3030796352442870e-01,
       -3.6265968192994290e-02, 7.6760938538254192e-02,
       -1.2445883407903338e-01, -1.5872552939868656e-01,
       3.6351892852508130e-02, 2.9131467524094024e-01,
       -3.0263925460710765e-02, 7.1927834255068393e-02,
       -4.3412240284587089e-01, -1.5642019782329146e-02,
       2.6690623396289814e-01, 2.3610870400530867e-01,
       1.0961462596073033e-02, 2.7223951641472666e-01,
       -1.0974554615083666e-01, -2.8748513012140896e-02,
       3.4929166441270404e-01, -3.3406239883018461e-02,
       -1.3527002676102360e-02, 1.2903384857325045e-01,
       -5.2944711077067386e-01, -6.2147738531785061e-02,
       1.0837694905082768e-01, 4.9982791204217952e-01,
       -2.7899313856087977e-02, 1.6245896258161441e-01,
       1.5698239948110740e-01, -4.9109625736629747e-02,
       1.3216874912131013e-01, 6.4894589438216244e-01,
       -2.9479760416223976e-02, 4.2336655220690566e-03,
       -7.1806894897636708e-01, -1.9907418228494383e-01,
       4.9978036005584969e-01, 9.5838490293929171e-02,
       -2.9598281317040914e-01, -1.1245397407673854e-01,
       6.2520581886247609e-02, -1.2889106548595805e-01,
       1.0999060097028689e-01, -3.0416036288252307e-01,
       2.4407597539780893e-02, 5.0190752981192223e-02,
       1.9795595482772330e-01, -3.0217030989179404e-03,
       5.0646318190159578e-01, -5.3647187857462419e-01,
       2.5685747574205708e-01, -3.4606602425371467e-02,
       2.8734243036135965e-01, 8.0039375023629983e-02,
       1.3542625439541513e-02, -6.0494031195293085e-01,
       1.6023370518550306e-01, 5.9794017130087550e-03,
       2.8300176721606024e-01, 1.1906092682386651e-01,
       6.6668135489679453e-02, -2.7947236723027569e-01,
       5.3905994846339678e-02, -3.9326262292220984e-02,
       6.2737948129857035e-01, 8.5442827142764369e-02,
       8.1993584788515816e-01, -1.4118287183981085e-01,
       1.2455729154506953e-01, -2.7242000854488219e-01,
       -6.0988221165940804e-01, -7.8296519944245760e-02,
       4.9760464879820734e-02, -8.7580770907634053e-01,
       -5.2949231930038927e-02, 1.0796456683608272e-02,
       7.0981438345381964e-01, -1.4017247317969132e-02,
       8.9191221562009745e-02, 1.1025430685959098e-01,
       3.7920786891416008e-02, 2.3309423348615652e-01,
       -2.1061317902499957e-01, 8.1879538334232241e-02,
       4.1479073905899819e-02, -5.2306487117587908e-01,
       1.7090765074576628e-01, -4.8700828162640132e-02,
       7.4177120871957924e-01, 9.3531386519182275e-02 ]
